102 vocabulary. [ιι-11

1111ιί111, -11111, -missum, 1. 3, affligo, ·xi, ·ctum‚ 1. 3, 11111
admit, wmmit. 11111111.
1111111111,-111,·111111,1.2,1111ιι, 111111, -11,1. Africa.
1111111111.
11111111,- -111311, -1113111111, 1. 3, 1111, 1111, 1111111, 11111111.
11111111,11111.111111111,-,11111111 1. 3, dep.
Ι11111111, ·,111111 1.1,111.111111ι.1111,1111 1111111.
11111111-111, 11111111. 3,11111,-311,-3111111,1.1,11ι111,
111111. 1111111111
1111111111, 1. 1, 11111111. 11111111,-11111,11.1ιιι1.
11111111, -111, -,1111 111111111111111111μ-11311,-11111111,1.3 ιι·
11111111, -1,-,111111111.11111111 111111111111111111111111111111.
11311,-11111,-11111111,1.,31111111111111111 lamb.
1113111,-11,-,1111111 13111111 111,“1,11111111,1.3,11ο,11111,
pm 1111. 11111111 1111111111
11111111, 1111111111. form,¹ 1111111111, 1111111
11111111,-13111,-1111111111,1.1,11111111-111111111111.
ιιιιίιαε 313, -11,1. 11111.
111111111111,·11,111.111111111. 111111, 1111, -111, 111. 11111,
11111111--1-,111 111. 11111111, 111111.
11111111.111)11111,-1,11.Α11111.
adversus, 1111). 11111111, 1111111 111111,- ·,3 11111, adj. 111111.
1111111311, -3111111, 1. 31111- 311,-11111111.
· mon, 111111. 3111, -1111, 1. 11111.
11111, -11111, 1. 111111. 1111111111,111.1111111 11111 or
1111111111,-11,ιι.1ιι1111111,11111. 11111, 1111111111 1111, 11111.
11111111,-311,-3111111,1.1,1ιι1111.11111111, aliquid, 1111111111.
11111,111,-1α14111111,1,111. 1111, ill. 1111111111, 111111.
11111111.1111111111111,111111111111111111111111.
11111111.111111,111.ι111111111,·111111 30,
Aegyptus, -1,1. Emi. 1111111111 1111.
aequo, 311,-3111111. 1, 11111. 311111, -,1 ud, 111. 11111, 11111111.
111131ιῖ111, ·,quum 11111111 11111101,- ,-1111,- 111111111111Ξ3ὦω11111.
-311, 1 1.
11111111,-1,-111,111’.111111. 311*g 1111, Ἦ1111111111, 13111).
111111,- -1, -ιιιιι, ’1111111111
1111113111, 1111111111. 11111111,-1,·,111111.111111111
11111111μ-311-311111,1.1,111ιι1,111,1111,111111,1.3,11111111,
11111. 1111111111.
1111111111, 111111. 11111111, t·3rum, 111111 os
1111, -111,-11ι111,111.11111111. 1111,1111111ι·,111111111

111111,1111111,1113111111,1111111,1.111111-ιι,·,11111 111.111.1,1111

11111, 111111. 11111111, ι, 1111111111.
1111111, -1111, -,111111111 1.3,1111,1111111,-’-.1,11 river-‚333
1111111111, 1111111 1111111111-1-111, 11111111·
1111111,.311,-3111111,1.1, 111, 11,· in ambiguo, 1111111111
111111111111111111.

 

